2 46 72 74 89 
3 14 8 71 39 4 24 45 82 78 1 30 80 91 109 
2 6 19 29 33 2 6 3 28 15 
5 9 33 42 51 
9 30 6 75 28 
8 5 18 32 34 
5 17 32 81 63 
1 49 23 140 65 
3 13 37 58 62 9 12 56 59 78 6 12 20 60 45 
4 22 42 65 66 5 7 15 48 39 
2 11 7 40 22 5 10 24 36 39 
3 8 24 32 38 2 4 9 32 25 
7 10 37 41 52 1 10 3 43 16 6 12 21 41 36 
7 14 18 48 35 9 11 36 47 54 1 14 7 50 23 
2 24 69 79 96 4 13 13 69 43 1 19 47 76 70 
4 24 43 132 101 1 18 3 118 44 
2 9 8 29 20 
8 35 18 64 31 5 35 31 64 44 
1 15 31 47 46 3 10 47 49 71 
4 40 11 110 49 
